7117
4073
2977
3646
3951
6438
482
161
3420
8172
2830
8435
6336
1465
4389
8337
6272
8138
4691
1915
3064
5499
5016
763
9071
8740
2686
9059
5967
2822
1652
7189
2404
3720
2076
497
138
963
7938
3113
9976
5222
1742
6797
3958
410
2091
1254
5445
7580
20
7011
1998
4348
8553
2038
1089
9195
8476
8707
1265
4518
3659
4594
8312
5611
7229
9590
5888
1563
7652
2615
9759
1221
8678
8029
2162
1300
4672
1078
9732
7591
679
931
4043
891
2237
6940
6203
9532
8926
3802
8222
1673
5903
331
2695
2151
145
6690
8746
4386
4926
681
3066
2529
8108
1222
8429
8570
3411
8319
2817
6923
2898
443
3717
3860
9425
9199
1419
5242
7000
7541
3446
6174
9050
1620
3428
502
1055
1662
7606
7428
8114
4261
7357
3164
4586
9359
4852
9295
4660
5014
8118
1194
6737
5116
9551
5127
6868
8269
7176
7456
4512
173
7593
4027
4910
7339
5992
4208
7942
2335
5193
4726
6283
630
8493
3366
6648
8218
75
648
9418
5778
1240
8526
5055
6925
9251
1206
7447
7976
9062
1948
8085
4763
7446
1987
3574
3628
1383
6444
9177
1869
2552
3476
5085
2750
3249
1688
1140
5856
4980
5138
5574
4425
9981
2675
2004
1785
8544
413
5362
4283
5519
1025
8180
6984
3277
9445
7140
2382
8625
580
4659
5183
7077
6303
6675
9325
1703
3690
9297
512
8634
1290
8837
829
33
7902
8745
9813
164
1808
121
6595
3065
5839
4508
4186
4312
4318
8254
5114
4370
4454
2166
2608
3676
340
7431
3752
9106
8536
970
4010
6178
1859
6615
223
1790
8592
1203
9695
5584
8944
3848
7996
5250
1674
1769
1851
4475
8417
3798
7910
5213
9647
9144
4182
2075
6176
5832
2787
333
3408
2049
2144
4223
4929
3939
6027
4418
6952
807
3916
4469
9315
2772
1446
5866
7349
9547
4553
8094
9682
1433
226
4430
1764
5463
4325
4375
4752
3243
4585
6957
699
9256
1408
9862
7379
9668
107
4520
5625
7364
2676
130
5185
7535
1492
26
6568
5421
124
566
901
7900
2623
1579
4020
6238
4541
8082
5960
9665
3862
3923
7118
1843
2987
7840
4142
5420
8054
8718
4855
9014
2311
3222
9334
8173
8389
3440
828
3305
1540
7196
9139
7641
3827
7828
2308
9648
1463
8543
2943
7264
1676
8540
8716
6691
776
5709
827
4062
7945
8505
7618
7758
1403
6136
7232
7531
2831
2961
1262
6152
589
5937
381
6496
8817
8457
2517
2995
7139
6412
8996
1271
6798
4398
1776
4938
4664
4697
9078
6214
5774
8894
8638
9573
6970
6950
1063
3441
4168
253
9868
1032
8285
5481
7356
6947
4125
7624
5267
3783
4685
1217
5595
7218
6870
98
8773
3323
4704
2582
3333
5533
5306
9617
2937
5961
5752
4260
2458
5849
9835
8271
9168
4226
4631
5744
1559
9753
4416
4887
4574
1894
576
2989
5725
7827
4428
5070
5845
7223
9157
186
4000
779
7940
8611
5580
4153
2528
4334
9784
8877
8604
202
1961
414
1212
7322
701
1488
7497
1374
7286
5414
7865
3571
8496
474
315
6746
5265
4366
456
7691
1840
6411
3934
6043
4595
9000
1914
8316
8697
2510
1524
1756
9667
4444
3453
7455
5028
3486
3465
7384
6724
3316
1608
8302
8097
9994
9880
1472
3285
6235
3811
4044
1815
3300
4219
2321
846
7733
3944
407
7610
3196
4948
9276
3698
6464
1621
5152
1836
8827
9543
7748
9837
9219
5634
731
1691
4460
1871
4187
6635
2214
5336
2277
7803
2337
7584
4822
4646
3852
7158
6875
128
3235
6889
6812
6331
6337
5100
4246
9890
8383
9129
2173
1399
8755
9714
261
8672
3947
5207
353
7882
5090
4666
4850
6399
8190
5923
4026
2240
3114
1866
4636
4898
2895
2079
618
754
6273
400
8872
5693
5363
5751
2066
3906
3686
4869
1081
6055
5931
8469
5864
4644
9886
7965
3318
5284
6620
4756
5243
7504
978
793
6668
1663
1245
7538
3535
2149
8286
8962
3346
7301
2920
3584
281
5945
751
7793
9636
3551
7503
3409
2325
2281
2880
7521
3062
2243
8725
3075
9505
1557
8867
7595
5507
5294
9881
8554
9145
3893
5678
5178
6000
6349
8471
1147
1431
9946
987
382
2808
9262
5075
6406
9138
9545
7702
1506
163
607
5943
8736
9918
6558
5004
7891
5853
6292
6274
5776
7757
7036
439
5534
4303
7890
7150
1126
5135
1427
1751
5158
3592
1603
7962
6806
1990
1566
587
7620
4731
190
8538
7790
7316
702
9336
2823
1587
8998
4472
1232
5516
5874
8368
7623
687
6198
3754
92
4266
9839
6033
9142
4643
8101
3069
2499
8928
9163
3854
7573
9326
6427
6766
6764
3755
2902
4097
6301
9243
5140
7495
96
6871
5661
6488
1421
2955
1880
6335
1177
6102
2545
823
5097
8826
8084
5688
624
1012
4564
6545
1387
9485
6519
3548
1288
4233
3679
4655
8621
7992
4021
5367
3734
350
628
462
1684
9924
8034
1787
2200
5106
3212
9935
192
2791
6217
1160
9863
6999
6803
1392
463
7021
3682
1355
3799
6902
2324
945
7924
555
7239
8568
522
9172
6723
2020
4815
5726
7881
9758
5854
3655
4842
7287
4701
1923
7850
4385
6
2261
6042
3662
7594
2546
1778
2022
7528
5419
9845
9065
1898
3387
4101
1283
3629
9993
8561
4424
8010
674
9002
3080
7935
7524
7989
5794
8612
4476
3873
6137
5045
7461
3283
4874
3021
5932
87
4657
1368
3509
6704
3915
415
2892
8985
984
4439
8060
7730
4133
1763
6050
5514
8075
3022
2854
8610
5087
2221
3378
4277
9178
650
903
2611
5470
3132
2332
3650
5313
8905
647
3582
9035
1173
5834
8778
3125
1640
8900
4598
8405
8425
7919
2336
9805
2991
5496
5139
6099
7659
5599
1071
1077
209
2649
4369
3271
844
2648
4776
2263
8830
2932
1467
2730
1363
3368
7958
6324
3721
1759
4083
4271
8058
7741
5451
3877
7687
3256
5107
8742
682
6262
659
6899
7341
